0.00	0.00	0.00	0.00	0.00
0.00	0.00	0.00	0.00	0.00
0.00	0.00	0.00	0.00	0.00
0.00	0.00	0.00	0.00	0.00
0.00	0.00	0.00	0.00	0.00
0.00	0.00	0.00	0.00	0.00
0.00	0.00	0.00	0.00	0.00
0.58	0.15	0.00	0.01	0.00
1.84	0.53	0.00	0.06	0.00
3.12	0.94	0.01	0.11	0.00
5.02	1.63	0.02	0.24	0.00
5.38	1.81	0.02	0.30	0.00
5.63	1.79	0.03	0.36	0.01
5.35	1.92	0.03	0.42	0.01
5.02	1.86	0.04	0.50	0.01
4.41	1.65	0.04	0.54	0.01
4.11	1.68	0.04	0.58	0.01
3.90	1.56	0.04	0.62	0.02
3.76	1.48	0.05	0.65	0.02
3.61	1.38	0.05	0.73	0.02
3.72	1.36	0.06	0.77	0.02
3.64	1.34	0.06	0.80	0.03
3.74	1.33	0.06	0.84	0.03
3.80	1.32	0.06	0.92	0.03
3.97	1.22	0.07	0.96	0.04
3.95	1.39	0.07	1.00	0.04
3.95	1.37	0.08	1.04	0.04
3.94	1.35	0.08	1.08	0.05
3.93	1.47	0.09	1.16	0.05
3.93	1.42	0.09	1.20	0.06
3.93	1.38	0.09	1.24	0.06
3.93	1.36	0.09	1.28	0.06
3.93	1.34	0.10	1.36	0.07
3.93	1.47	0.10	1.40	0.08
3.93	1.42	0.11	1.44	0.08
3.93	1.38	0.11	1.47	0.08
3.93	1.36	0.11	1.52	0.09
3.93	1.33	0.12	1.59	0.10
3.83	1.32	0.12	1.63	0.10
3.86	1.32	0.12	1.67	0.11
3.88	1.32	0.13	1.71	0.11
3.90	1.46	0.13	1.75	0.12
3.91	1.38	0.14	1.83	0.13
3.92	1.35	0.14	1.87	0.13
3.92	1.48	0.14	1.91	0.14
3.92	1.43	0.14	1.95	0.14
3.92	1.39	0.15	2.02	0.16
3.93	1.34	0.15	2.06	0.16
3.93	1.33	0.16	2.10	0.17
3.93	1.47	0.16	2.14	0.17
3.78	1.42	0.16	2.18	0.19
3.86	1.36	0.17	2.26	0.19
3.88	1.34	0.17	2.30	0.20
3.90	1.33	0.17	2.33	0.21
3.91	1.32	0.18	2.37	0.21
3.91	1.46	0.18	2.45	0.23
3.78	1.38	0.18	2.49	0.24
3.83	1.35	0.19	2.53	0.24
3.86	1.49	0.19	2.57	0.25
3.88	1.43	0.19	2.61	0.27
3.91	1.36	0.20	2.69	0.27
3.91	1.34	0.20	2.73	0.28
3.92	1.33	0.20	2.76	0.29
3.92	1.47	0.21	2.80	0.30
3.92	1.42	0.21	2.88	0.31
3.93	1.36	0.22	2.92	0.32
3.93	1.49	0.22	2.96	0.33
3.78	1.43	0.22	3.00	0.34
3.83	1.39	0.22	3.04	0.35
3.88	1.34	0.23	3.11	0.37
3.90	1.33	0.23	3.15	0.38
3.91	1.47	0.24	3.19	0.38
3.91	1.42	0.24	3.23	0.39
3.92	1.38	0.24	3.30	0.41
3.83	1.49	0.25	3.34	0.42
3.86	1.43	0.25	3.38	0.43
3.88	1.39	0.25	3.42	0.44
3.90	1.36	0.26	3.46	0.45
3.91	1.33	0.26	3.53	0.47
3.92	1.47	0.26	3.57	0.48
3.78	1.42	0.27	3.61	0.49
3.83	1.38	0.27	3.65	0.51
3.86	1.50	0.27	3.72	0.53
3.90	1.39	0.28	3.77	0.54
3.91	1.37	0.28	3.80	0.55
3.91	1.35	0.28	3.84	0.56
3.92	1.33	0.29	3.88	0.57
3.92	1.42	0.29	3.95	0.59
3.78	1.38	0.30	3.99	0.61
3.83	1.36	0.30	4.03	0.62
3.86	1.49	0.30	4.07	0.63
3.88	1.43	0.30	4.14	0.65
3.91	1.36	0.31	4.18	0.66
3.77	1.49	0.31	4.22	0.68
3.82	1.43	0.32	4.26	0.69
3.86	1.39	0.32	4.29	0.70
3.90	1.34	0.32	4.36	0.73
3.91	1.48	0.33	4.40	0.74
3.91	1.42	0.33	4.44	0.75
3.92	1.38	0.33	4.48	0.76
3.78	1.36	0.34	4.55	0.79
3.86	1.43	0.34	4.59	0.80
3.88	1.39	0.34	4.63	0.82
3.90	1.36	0.35	4.66	0.83
3.91	1.49	0.35	4.70	0.84
3.91	1.39	0.36	4.78	0.87
3.82	1.36	0.36	4.81	0.89
3.86	1.49	0.36	4.85	0.90
3.88	1.43	0.36	4.89	0.91
3.90	1.39	0.37	4.96	0.94
3.91	1.49	0.37	5.00	0.96
3.77	1.43	0.38	5.04	0.97
3.82	1.39	0.38	5.07	0.99
3.86	1.36	0.38	5.11	1.00
3.88	1.43	0.39	5.18	1.03
3.91	1.39	0.39	5.22	1.05
3.91	1.36	0.39	5.26	1.06
3.77	1.49	0.40	5.29	1.08
3.82	1.43	0.40	5.33	1.11
3.88	1.36	0.40	5.40	1.12
3.90	1.49	0.41	5.44	1.14
3.91	1.43	0.41	5.47	1.15
3.91	1.39	0.41	5.51	1.17
3.77	1.34	0.42	5.58	1.20
3.86	1.48	0.42	5.62	1.22
3.88	1.42	0.42	5.66	1.23
3.90	1.38	0.43	5.69	1.25
3.91	1.50	0.43	5.73	1.28
3.82	1.40	0.43	5.80	1.30
3.86	1.51	0.44	5.84	1.32
3.88	1.44	0.44	5.87	1.33
3.90	1.40	0.44	5.91	1.35
3.91	1.35	0.45	5.98	1.38
3.92	1.48	0.45	6.01	1.40
3.78	1.42	0.45	6.05	1.42
3.83	1.39	0.46	6.08	1.44
3.86	1.51	0.46	6.12	1.47
3.90	1.40	0.47	6.19	1.49
3.76	1.51	0.47	6.23	1.51
3.82	1.44	0.47	6.27	1.53
3.85	1.40	0.47	6.30	1.55
3.88	1.37	0.48	6.37	1.58
3.91	1.43	0.48	6.41	1.60
3.91	1.39	0.48	6.44	1.62
3.77	1.51	0.49	6.47	1.64
3.82	1.44	0.49	6.51	1.68
3.88	1.37	0.50	6.58	1.69
3.90	1.49	0.50	6.61	1.71
3.91	1.43	0.50	6.65	1.73
3.91	1.39	0.50	6.68	1.75
3.77	1.36	0.51	6.75	1.79
3.86	1.43	0.51	6.79	1.81
3.88	1.39	0.52	6.82	1.83
3.90	1.51	0.52	6.86	1.85
3.76	1.44	0.52	6.89	1.89
3.85	1.51	0.53	6.96	1.91
3.88	1.45	0.53	6.99	1.93
3.89	1.40	0.53	7.03	1.95
3.91	1.37	0.54	7.06	1.97
3.77	1.49	0.54	7.13	2.01
3.86	1.39	0.54	7.17	2.03
3.88	1.51	0.55	7.20	2.05
3.90	1.44	0.55	7.23	2.07
3.91	1.40	0.55	7.27	2.09
3.92	1.45	0.56	7.34	2.13
3.78	1.40	0.56	7.37	2.15
3.83	1.52	0.56	7.40	2.17
3.86	1.45	0.57	7.43	2.20
3.88	1.40	0.57	7.50	2.24
3.81	1.35	0.57	7.53	2.26
3.85	1.48	0.58	7.57	2.28
3.88	1.42	0.58	7.60	2.31
3.89	1.53	0.58	7.63	2.33
3.91	1.41	0.59	7.70	2.37
3.77	1.52	0.59	7.73	2.39
3.82	1.45	0.59	7.77	2.42
3.86	1.40	0.60	7.80	2.44
3.88	1.52	0.60	7.87	2.48
3.91	1.40	0.60	7.90	2.50
3.77	1.52	0.61	7.93	2.53
3.82	1.45	0.61	7.97	2.55
3.86	1.40	0.61	8.00	2.57
3.90	1.50	0.62	8.06	2.62
3.76	1.43	0.62	8.09	2.64
3.82	1.39	0.62	8.13	2.67
3.85	1.51	0.63	8.15	2.69
3.88	1.44	0.63	8.22	2.73
3.76	1.51	0.64	8.25	2.76
3.82	1.45	0.64	8.29	2.78
3.85	1.40	0.64	8.32	2.81
3.88	1.52	0.64	8.35	2.83
3.76	1.40	0.65	8.41	2.88
3.82	1.52	0.65	8.44	2.90
3.85	1.45	0.65	8.48	2.93
3.88	1.40	0.66	8.51	2.95
3.89	1.52	0.66	8.57	3.00
3.91	1.40	0.67	8.60	3.02
3.77	1.52	0.67	8.63	3.05
3.82	1.45	0.67	8.67	3.08
3.86	1.40	0.67	8.69	3.10
3.90	1.45	0.68	8.76	3.15
3.76	1.40	0.68	8.79	3.17
3.82	1.52	0.69	8.82	3.20
3.85	1.45	0.69	8.85	3.22
3.88	1.40	0.69	8.91	3.27
3.76	1.45	0.70	8.94	3.30
3.82	1.40	0.70	8.97	3.33
3.85	1.37	0.70	9.00	3.35
3.88	1.50	0.70	9.03	3.38
3.76	1.54	0.71	9.09	3.43
3.82	1.46	0.71	9.12	3.46
3.85	1.41	0.72	9.15	3.48
3.88	1.52	0.72	9.18	3.51
3.89	1.45	0.72	9.24	3.56
3.91	1.52	0.73	9.27	3.59
3.77	1.45	0.73	9.30	3.61
3.82	1.40	0.73	9.33	3.64
3.86	1.37	0.73	9.36	3.66
3.75	1.43	0.74	9.42	3.72
4.10	1.68	0.74	9.45	3.75
3.75	1.41	0.75	9.48	3.77
3.85	1.50	0.75	9.53	3.83
3.88	1.44	0.75	9.57	3.85
3.75	1.39	0.76	9.59	3.88
3.81	1.51	0.76	9.62	3.91
3.85	1.44	0.77	9.68	3.97
3.89	1.47	0.77	9.71	3.99
3.90	1.41	0.77	9.74	4.02
3.91	1.52	0.77	9.77	4.05
3.92	1.45	0.78	9.80	4.08
3.78	1.47	0.78	9.85	4.13
3.83	1.42	0.78	9.88	4.16
3.86	1.38	0.79	9.91	4.19
3.74	1.50	0.79	9.94	4.22
3.80	1.44	0.79	9.99	4.27
3.87	1.46	0.80	10.02	4.30
3.89	1.41	0.80	10.05	4.33
3.76	1.38	0.80	10.07	4.36
3.81	1.50	0.81	10.10	4.42
3.88	1.54	0.81	10.16	4.45
3.89	1.46	0.81	10.19	4.48
3.90	1.41	0.82	10.21	4.50
3.91	1.52	0.82	10.24	4.53
3.77	1.45	0.83	10.29	4.59
3.86	1.52	0.83	10.32	4.62
3.74	1.45	0.83	10.35	4.65
3.80	1.55	0.83	10.37	4.68
3.84	1.47	0.84	10.40	4.74
3.89	1.38	0.84	10.45	4.77
3.90	1.50	0.84	10.48	4.80
3.91	1.44	0.85	10.51	4.83
3.77	1.54	0.85	10.53	4.86
3.86	1.41	0.86	10.58	4.92
3.88	1.52	0.86	10.61	4.95
3.75	1.45	0.86	10.64	4.98
3.81	1.40	0.86	10.66	5.01
3.85	1.52	0.87	10.71	5.07
3.89	1.55	0.87	10.74	5.10
3.76	1.47	0.87	10.77	5.13
3.81	1.41	0.88	10.79	5.16
3.85	1.53	0.88	10.81	5.22
3.75	1.41	0.89	10.87	5.25
3.81	1.37	0.89	10.89	5.28
3.85	1.50	0.89	10.92	5.31
3.87	1.43	0.89	10.94	5.35
3.89	1.54	0.90	10.99	5.41
3.91	1.41	0.90	11.02	5.44
3.77	1.52	0.90	11.04	5.47
3.82	1.45	0.91	11.07	5.50
3.86	1.55	0.91	11.09	5.57
3.90	1.42	0.92	11.14	5.60
3.76	1.53	0.92	11.16	5.63
3.82	1.45	0.92	11.19	5.66
3.85	1.41	0.92	11.21	5.69
3.73	1.45	0.93	11.26	5.76
3.84	1.55	0.93	11.28	5.79
3.87	1.47	0.93	11.31	5.82
3.89	1.42	0.94	11.33	5.85
3.90	1.38	0.94	11.38	5.92
3.77	1.44	0.95	11.40	5.95
3.82	1.54	0.95	11.42	5.98
3.86	1.46	0.95	11.45	6.02
3.88	1.56	0.95	11.47	6.04
3.76	1.42	0.96	11.52	6.11
3.82	1.53	0.96	11.54	6.14
3.85	1.45	0.96	11.56	6.18
3.88	1.41	0.97	11.58	6.21
3.75	1.52	0.97	11.63	6.28
3.85	1.40	0.98	11.65	6.31
3.87	1.52	0.98	11.67	6.34
3.89	1.45	0.98	11.69	6.37
3.90	1.55	0.98	11.72	6.44
3.82	1.41	0.99	11.76	6.47
3.86	1.52	0.99	11.78	6.51
3.88	1.45	0.99	11.80	6.54
3.75	1.40	1.00	11.83	6.57
3.81	1.45	1.00	11.87	6.64
3.87	1.55	1.01	11.89	6.67
3.89	1.47	1.01	11.91	6.71
3.76	1.56	1.01	11.93	6.74
3.81	1.48	1.01	11.95	6.81
3.88	1.53	1.02	12.00	6.85
3.89	1.46	1.02	12.02	6.88
3.90	1.41	1.03	12.04	6.91
3.77	1.52	1.03	12.06	6.95
3.86	1.55	1.03	12.10	7.01
3.88	1.47	1.04	12.12	7.05
3.75	1.42	1.04	12.14	7.08
3.81	1.53	1.04	12.16	7.12
3.85	1.45	1.04	12.20	7.19
3.89	1.47	1.05	12.22	7.22
3.76	1.42	1.05	12.24	7.26
3.81	1.53	1.05	12.26	7.29
3.85	1.45	1.06	12.28	7.33
3.89	1.47	1.06	12.32	7.40
3.76	1.56	1.07	12.34	7.43
3.82	1.48	1.07	12.36	7.47
3.85	1.42	1.07	12.37	7.50
3.88	1.53	1.08	12.41	7.57
3.76	1.41	1.08	12.43	7.61
3.82	1.52	1.08	12.45	7.64
3.85	1.45	1.08	12.47	7.68
3.88	1.55	1.09	12.49	7.75
3.81	1.56	1.09	12.52	7.78
3.85	1.48	1.10	12.54	7.82
3.87	1.42	1.10	12.56	7.86
3.89	1.38	1.10	12.58	7.89
3.90	1.44	1.11	12.61	7.96
3.77	1.54	1.11	12.63	8.00
3.82	1.46	1.11	12.65	8.03
3.86	1.56	1.11	12.67	8.07
3.74	1.47	1.12	12.70	8.14
3.84	1.53	1.12	12.72	8.17
3.87	1.46	1.13	12.74	8.21
3.89	1.55	1.13	12.75	8.25
3.76	1.47	1.13	12.77	8.29
3.85	1.53	1.14	12.81	8.36
3.88	1.45	1.14	12.82	8.39
3.89	1.55	1.14	12.84	8.43
3.76	1.47	1.14	12.85	8.47
3.82	1.56	1.15	12.89	8.54
3.88	1.42	1.15	12.90	8.57
3.89	1.53	1.16	12.92	8.61
3.90	1.46	1.16	12.94	8.65
3.77	1.41	1.16	12.97	8.72
3.86	1.45	1.17	12.98	8.76
3.88	1.55	1.17	13.00	8.79
3.75	1.47	1.17	13.01	8.83
3.81	1.56	1.17	13.03	8.87
3.87	1.42	1.18	13.06	8.94
3.89	1.53	1.18	13.07	8.98
3.76	1.46	1.19	13.09	9.02
3.81	1.55	1.19	13.10	9.05
3.85	1.47	1.19	13.13	9.13
3.75	1.53	1.20	13.15	9.16
3.81	1.45	1.20	13.16	9.20
3.85	1.55	1.20	13.18	9.24
3.87	1.47	1.20	13.19	9.28
3.81	1.53	1.21	13.22	9.35
3.85	1.45	1.21	13.24	9.39
3.87	1.55	1.22	13.25	9.43
3.89	1.47	1.22	13.26	9.46
3.90	1.56	1.22	13.29	9.54
3.82	1.42	1.23	13.30	9.58
3.86	1.53	1.23	13.32	9.61
3.88	1.46	1.23	13.33	9.65
3.75	1.55	1.23	13.34	9.73
3.85	1.42	1.24	13.37	9.76
3.87	1.53	1.24	13.38	9.80
3.75	1.45	1.24	13.39	9.84
3.81	1.55	1.25	13.41	9.88
3.87	1.42	1.25	13.43	9.95
3.89	1.53	1.26	13.44	9.99
3.90	1.45	1.26	13.46	10.03
3.77	1.41	1.26	13.47	10.07
3.82	1.52	1.27	13.49	10.14
3.88	1.55	1.27	13.51	10.18
3.75	1.47	1.27	13.52	10.22
3.81	1.56	1.27	13.53	10.26
3.85	1.48	1.28	13.54	10.33
3.75	1.48	1.28	13.56	10.37
3.81	1.42	1.29	13.57	10.41
3.85	1.53	1.29	13.59	10.45
3.87	1.46	1.29	13.60	10.49
3.76	1.47	1.30	13.62	10.56
3.81	1.42	1.30	13.63	10.60
3.85	1.53	1.30	13.64	10.64
3.88	1.45	1.30	13.65	10.68
3.89	1.55	1.31	13.67	10.76
3.82	1.42	1.31	13.68	10.80
3.85	1.53	1.32	13.69	10.83
3.88	1.45	1.32	13.70	10.87
3.75	1.55	1.32	13.72	10.95
3.85	1.42	1.33	13.73	10.99
3.87	1.53	1.33	13.74	11.03
3.75	1.45	1.33	13.75	11.06
3.81	1.55	1.33	13.76	11.14
3.87	1.56	1.34	13.78	11.18
3.89	1.48	1.34	13.79	11.22
3.76	1.57	1.34	13.80	11.26
3.81	1.48	1.35	13.80	11.30
3.85	1.53	1.35	13.82	11.37
3.89	1.46	1.36	13.83	11.42
3.76	1.55	1.36	13.84	11.45
3.82	1.47	1.36	13.85	11.50
3.85	1.42	1.37	13.86	11.57
3.75	1.45	1.37	13.87	11.61
3.81	1.41	1.37	13.88	11.65
3.85	1.52	1.37	13.89	11.69
3.87	1.45	1.38	13.89	11.77
3.81	1.47	1.38	13.91	11.80
3.85	1.56	1.38	13.92	11.85
3.87	1.48	1.39	13.92	11.88
3.89	1.57	1.39	13.93	11.93
3.81	1.57	1.40	13.94	12.00
3.85	1.48	1.40	13.95	12.04
3.73	1.42	1.40	13.96	12.08
3.80	1.53	1.40	13.97	12.12
3.84	1.46	1.41	13.98	12.20
3.89	1.47	1.41	13.99	12.24
3.90	1.56	1.41	13.99	12.28
3.91	1.48	1.42	14.00	12.32
3.77	1.42	1.42	14.01	12.39
3.86	1.46	1.43	14.01	12.44
3.74	1.55	1.43	14.02	12.48
3.80	1.47	1.43	14.03	12.52
3.84	1.42	1.43	14.03	12.56
3.89	1.45	1.44	14.04	12.63
3.76	1.55	1.44	14.05	12.67
3.81	1.47	1.44	14.05	12.72
3.85	1.42	1.45	14.06	12.75
3.88	1.45	1.45	14.07	12.83
3.76	1.55	1.46	14.07	12.87
3.82	1.47	1.46	14.08	12.91
3.85	1.56	1.46	14.08	12.95
3.73	1.48	1.46	14.09	13.03
3.84	1.48	1.47	14.09	13.07
3.87	1.42	1.47	14.10	13.11
3.89	1.53	1.47	14.10	13.15
3.76	1.46	1.48	14.10	13.23
3.85	1.47	1.48	14.11	13.27
3.88	1.56	1.48	14.11	13.31
3.89	1.48	1.49	14.12	13.35
3.76	1.42	1.49	14.12	13.39
3.82	1.46	1.50	14.13	13.47
3.88	1.55	1.50	14.13	13.51
3.75	1.47	1.50	14.13	13.55
3.81	1.56	1.50	14.14	13.59
3.85	1.48	1.51	14.14	13.67
3.75	1.48	1.51	14.14	13.71
3.81	1.42	1.51	14.15	13.75
3.85	1.53	1.52	14.15	13.79
3.87	1.46	1.52	14.15	13.87
3.90	1.47	1.52	14.15	13.91
3.77	1.42	1.53	14.16	13.95
3.82	1.53	1.53	14.16	13.99
3.86	1.45	1.53	14.16	14.03
3.75	1.47	1.54	14.16	14.11
3.81	1.56	1.54	14.16	14.15
3.85	1.48	1.54	14.16	14.19
3.87	1.57	1.55	14.16	14.23
3.89	1.48	1.55	14.17	14.31
3.81	1.48	1.55	14.17	14.35
3.85	1.42	1.56	14.17	14.39
3.73	1.53	1.56	14.17	14.43
3.80	1.46	1.56	14.17	14.51
3.87	1.47	1.57	14.17	14.55
3.89	1.42	1.57	14.17	14.59
3.76	1.53	1.57	14.17	14.63
3.81	1.45	1.58	14.17	14.71
3.88	1.47	1.58	14.17	14.75
3.89	1.56	1.58	14.17	14.79
3.76	1.48	1.59	14.17	14.83
3.81	1.57	1.59	14.17	14.86
3.85	1.57	1.59	14.16	14.95
3.80	1.48	1.60	14.16	14.99
3.84	1.42	1.60	14.16	15.03
3.87	1.53	1.60	14.16	15.07
3.89	1.46	1.61	14.16	15.14
3.81	1.47	1.61	14.16	15.19
3.85	1.56	1.61	14.15	15.22
3.88	1.48	1.62	14.15	15.27
3.75	1.57	1.62	14.15	15.35
3.85	1.42	1.62	14.15	15.38
3.87	1.53	1.63	14.14	15.42
3.75	1.46	1.63	14.14	15.47
3.81	1.55	1.63	14.14	15.50
3.87	1.56	1.64	14.13	15.58
3.89	1.48	1.64	14.13	15.63
3.76	1.42	1.64	14.13	15.66
3.81	1.53	1.65	14.12	15.70
3.85	1.55	1.65	14.12	15.78
3.89	1.47	1.65	14.12	15.82
3.90	1.56	1.66	14.11	15.86
3.77	1.48	1.66	14.11	15.91
3.82	1.42	1.66	14.10	15.98
3.73	1.46	1.67	14.10	16.02
3.80	1.55	1.67	14.09	16.07
3.84	1.47	1.67	14.09	16.10
3.87	1.56	1.68	14.08	16.18
3.80	1.57	1.68	14.08	16.22
3.85	1.48	1.68	14.07	16.26
3.87	1.57	1.69	14.07	16.30
3.89	1.48	1.69	14.06	16.34
3.76	1.53	1.69	14.05	16.42
3.85	1.46	1.70	14.05	16.46
3.88	1.55	1.70	14.04	16.50
3.89	1.47	1.70	14.04	16.54
3.76	1.56	1.71	14.03	16.62
3.85	1.42	1.71	14.02	16.66
3.73	1.53	1.71	14.02	16.70
3.80	1.46	1.72	14.01	16.74
3.84	1.55	1.72	14.00	16.82
3.89	1.56	1.72	13.99	16.85
3.76	1.48	1.73	13.99	16.90
3.81	1.57	1.73	13.98	16.93
3.85	1.48	1.73	13.97	16.97
3.75	1.48	1.74	13.96	17.05
3.81	1.42	1.74	13.95	17.09
3.85	1.53	1.74	13.95	17.13
3.87	1.46	1.74	13.94	17.17
3.75	1.47	1.75	13.92	17.25
3.85	1.42	1.75	13.92	17.29
3.87	1.53	1.76	13.91	17.33
3.89	1.60	1.76	13.90	17.37
3.90	1.50	1.76	13.89	17.45
3.82	1.54	1.77	13.88	17.49
3.86	1.46	1.77	13.87	17.52
3.88	1.56	1.77	13.86	17.56
3.75	1.47	1.77	13.86	17.60
3.85	1.48	1.78	13.84	17.68
3.73	1.42	1.78	13.83	17.72
3.80	1.53	1.79	13.82	17.76
3.84	1.46	1.79	13.81	17.80
3.87	1.47	1.79	13.80	17.88
3.90	1.56	1.80	13.79	17.91
3.76	1.48	1.80	13.78	17.96
3.82	1.57	1.80	13.77	17.99
3.85	1.48	1.81	13.75	18.07
3.75	1.53	1.81	13.74	18.11
3.81	1.46	1.81	13.73	18.15
3.85	1.55	1.81	13.72	18.19
3.73	1.47	1.82	13.71	18.26
3.84	1.48	1.82	13.69	18.31
3.87	1.57	1.83	13.68	18.34
3.89	1.48	1.83	13.67	18.38
3.76	1.57	1.83	13.66	18.42
3.85	1.42	1.84	13.64	18.49
3.88	1.53	1.84	13.63	18.54
3.89	1.46	1.84	13.62	18.57
3.76	1.55	1.84	13.61	18.61
3.81	1.47	1.85	13.59	18.69
3.73	1.48	1.85	13.58	18.73
3.80	1.57	1.86	13.56	18.77
3.84	1.48	1.86	13.55	18.80
3.87	1.42	1.86	13.53	18.88
3.76	1.46	1.87	13.52	18.92
3.81	1.55	1.87	13.51	18.96
3.85	1.47	1.87	13.50	18.99
3.88	1.56	1.87	13.48	19.03
3.81	1.57	1.88	13.46	19.11
3.85	1.48	1.88	13.45	19.15
3.87	1.57	1.88	13.43	19.18
3.75	1.48	1.89	13.42	19.23
3.81	1.53	1.89	13.40	19.30
3.87	1.46	1.90	13.38	19.34
3.89	1.55	1.90	13.37	19.37
3.76	1.47	1.90	13.36	19.41
3.81	1.56	1.90	13.33	19.49
3.88	1.42	1.91	13.32	19.53
3.75	1.53	1.91	13.30	19.57
3.81	1.46	1.91	13.29	19.60
3.85	1.55	1.92	13.28	19.68
3.75	1.56	1.92	13.25	19.72
3.81	1.48	1.92	13.24	19.75
3.85	1.57	1.93	13.22	19.79
3.87	1.48	1.93	13.21	19.83
3.76	1.48	1.94	13.18	19.90
3.81	1.42	1.94	13.17	19.94
3.85	1.53	1.94	13.15	19.98
3.88	1.46	1.94	13.14	20.01
3.75	1.55	1.95	13.11	20.09
3.85	1.56	1.95	13.09	20.12
3.87	1.48	1.95	13.08	20.16
3.75	1.57	1.96	13.06	20.20
3.81	1.48	1.96	13.03	20.27
3.87	1.53	1.96	13.02	20.31
3.75	1.46	1.97	13.00	20.35
3.81	1.55	1.97	12.99	20.39
3.85	1.47	1.97	12.97	20.42
3.75	1.48	1.98	12.94	20.49
3.81	1.57	1.98	12.92	20.53
3.85	1.48	1.98	12.91	20.57
3.87	1.57	1.99	12.89	20.60
3.89	1.42	1.99	12.86	20.68
3.81	1.53	1.99	12.84	20.71
3.85	1.46	2.00	12.83	20.75
3.88	1.55	2.00	12.81	20.78
3.75	1.47	2.00	12.78	20.86
3.85	1.48	2.01	12.76	20.89
3.87	1.42	2.01	12.74	20.93
3.75	1.53	2.01	12.72	20.97
3.81	1.46	2.02	12.71	21.04
3.87	1.47	2.02	12.67	21.07
3.89	1.56	2.02	12.66	21.11
3.76	1.48	2.03	12.64	21.15
3.81	1.57	2.03	12.62	21.18
3.85	1.57	2.03	12.58	21.25
3.75	1.48	2.04	12.57	21.29
3.81	1.42	2.04	12.55	21.33
3.85	1.53	2.04	12.53	21.36
3.87	1.46	2.05	12.49	21.43
3.81	1.47	2.05	12.48	21.47
3.85	1.56	2.05	12.46	21.50
3.87	1.48	2.06	12.44	21.54
3.75	1.42	2.06	12.42	21.61
3.85	1.46	2.06	12.38	21.64
3.87	1.55	2.07	12.36	21.68
3.75	1.62	2.07	12.34	21.71
3.81	1.51	2.07	12.32	21.75
3.87	1.55	2.08	12.29	21.82
3.89	1.47	2.08	12.27	21.85
3.76	1.56	2.08	12.25	21.89
3.81	1.48	2.09	12.23	21.93
3.85	1.48	2.09	12.19	21.99
3.75	1.42	2.09	12.17	22.03
3.81	1.53	2.10	12.15	22.06
3.85	1.46	2.10	12.13	22.10
3.87	1.55	2.10	12.09	22.17
3.81	1.56	2.11	12.07	22.20
3.85	1.48	2.11	12.04	22.24
3.87	1.57	2.11	12.03	22.27
3.89	1.48	2.11	12.00	22.34
3.81	1.48	2.12	11.96	22.37
3.85	1.42	2.12	11.94	22.40
3.73	1.53	2.13	11.92	22.44
3.80	1.46	2.13	11.90	22.47
3.84	1.47	2.13	11.86	22.54
3.89	1.56	2.14	11.83	22.58
3.76	1.48	2.14	11.81	22.61
3.81	1.57	2.14	11.79	22.64
3.85	1.48	2.15	11.75	22.71
3.89	1.48	2.15	11.73	22.74
3.76	1.42	2.15	11.70	22.78
3.82	1.53	2.15	11.68	22.81
3.85	1.46	2.16	11.66	22.87
3.80	1.47	2.16	11.62	22.91
3.84	1.56	2.17	11.59	22.94
3.87	1.48	2.17	11.57	22.98
3.89	1.42	2.17	11.55	23.01
3.81	1.46	2.18	11.50	23.07
3.85	1.55	2.18	11.48	23.11
3.88	1.47	2.18	11.46	23.14
3.89	1.56	2.18	11.43	23.17
3.76	1.57	2.19	11.39	23.24
3.85	1.48	2.19	11.37	23.27
3.73	1.57	2.20	11.34	23.30
3.80	1.48	2.20	11.32	23.34
3.84	1.42	2.20	11.27	23.40
3.89	1.46	2.21	11.25	23.43
3.76	1.55	2.21	11.22	23.47
3.81	1.47	2.21	11.20	23.50
3.85	1.56	2.21	11.17	23.56
3.89	1.57	2.22	11.13	23.59
3.76	1.48	2.22	11.10	23.63
3.82	1.57	2.22	11.08	23.66
3.85	1.48	2.23	11.05	23.69
3.73	1.48	2.23	11.00	23.75
3.84	1.43	2.24	10.98	23.78
3.87	1.53	2.24	10.96	23.81
3.89	1.46	2.24	10.93	23.84
3.76	1.55	2.25	10.88	23.91
3.85	1.56	2.25	10.86	23.94
3.88	1.48	2.25	10.83	23.97
3.89	1.57	2.25	10.81	24.00
3.76	1.48	2.26	10.78	24.06
3.85	1.48	2.26	10.73	24.09
3.88	1.42	2.26	10.70	24.12
3.75	1.53	2.27	10.68	24.15
3.81	1.46	2.27	10.65	24.19
3.87	1.47	2.28	10.60	24.25
3.75	1.56	2.28	10.58	24.28
3.81	1.48	2.28	10.55	24.31
3.85	1.57	2.28	10.52	24.34
3.87	1.42	2.29	10.47	24.40
3.81	1.53	2.29	10.44	24.43
3.85	1.60	2.29	10.42	24.46
3.87	1.50	2.30	10.39	24.49
3.75	1.44	2.30	10.34	24.55
3.85	1.46	2.30	10.31	24.58
3.87	1.56	2.31	10.29	24.60
3.89	1.47	2.31	10.26	24.64
3.76	1.56	2.31	10.23	24.69
3.85	1.42	2.32	10.18	24.72
3.73	1.53	2.32	10.15	24.75
3.80	1.46	2.32	10.12	24.78
3.84	1.55	2.33	10.09	24.81
3.87	1.56	2.33	10.04	24.87
3.76	1.48	2.33	10.01	24.90
3.81	1.57	2.34	9.98	24.93
3.85	1.48	2.34	9.96	24.96
3.88	1.57	2.34	9.90	25.01
3.81	1.57	2.35	9.87	25.04
3.85	1.48	2.35	9.84	25.07
3.87	1.57	2.35	9.82	25.10
3.75	1.48	2.36	9.79	25.13
3.85	1.48	2.36	9.73	25.18
3.73	1.43	2.36	9.70	25.21
3.79	1.53	2.37	9.67	25.24
3.84	1.46	2.37	9.64	25.27
3.87	1.47	2.37	9.59	25.32
3.90	1.56	2.38	9.56	25.35
3.76	1.48	2.38	9.53	25.38
3.82	1.57	2.38	9.50	25.41
3.85	1.48	2.38	9.44	25.46
3.75	1.53	2.39	9.41	25.49
3.81	1.46	2.39	9.38	25.52
3.85	1.55	2.39	9.35	25.54
3.87	1.47	2.40	9.33	25.57
3.81	1.48	2.40	9.26	25.62
3.85	1.57	2.41	9.24	25.65
3.87	1.48	2.41	9.21	25.68
3.75	1.57	2.41	9.17	25.71
3.81	1.48	2.42	9.12	25.76
3.87	1.48	2.42	9.09	25.78
3.89	1.57	2.42	9.06	25.81
3.76	1.48	2.42	9.03	25.84
3.81	1.43	2.43	9.00	25.89
3.73	1.46	2.43	8.94	25.91
3.80	1.55	2.44	8.91	25.94
3.84	1.47	2.44	8.88	25.97
3.87	1.56	2.44	8.85	25.99
3.89	1.57	2.45	8.78	26.04
3.81	1.48	2.45	8.75	26.07
3.85	1.42	2.45	8.72	26.09
3.88	1.53	2.45	8.69	26.12
3.75	1.46	2.46	8.63	26.17
3.85	1.47	2.46	8.60	26.19
3.87	1.56	2.46	8.57	26.22
3.75	1.48	2.47	8.53	26.25
3.81	1.57	2.47	8.50	26.27
3.87	1.52	2.48	8.44	26.32
3.89	1.45	2.48	8.41	26.35
3.76	1.55	2.48	8.38	26.37
3.81	1.47	2.48	8.34	26.40
3.85	1.42	2.49	8.28	26.44
3.75	1.45	2.49	8.25	26.47
3.81	1.55	2.49	8.22	26.49
3.85	1.47	2.50	8.19	26.51
3.87	1.56	2.50	8.16	26.56
3.81	1.57	2.51	8.09	26.59
3.85	1.48	2.51	8.06	26.61
3.87	1.57	2.51	8.03	26.63
3.75	1.48	2.51	7.99	26.66
3.81	1.53	2.52	7.93	26.70
3.87	1.46	2.52	7.90	26.73
3.75	1.55	2.52	7.86	26.75
3.81	1.47	2.53	7.83	26.77
3.85	1.56	2.53	7.77	26.82
3.89	1.52	2.53	7.73	26.84
3.76	1.45	2.54	7.70	26.87
3.81	1.55	2.54	7.67	26.89
3.85	1.47	2.54	7.63	26.91
3.80	1.48	2.55	7.57	26.96
3.84	1.42	2.55	7.53	26.98
3.87	1.53	2.55	7.50	27.00
3.89	1.46	2.56	7.47	27.02
3.76	1.55	2.56	7.40	27.07
3.85	1.56	2.56	7.37	27.09
3.88	1.48	2.57	7.33	27.11
3.75	1.57	2.57	7.30	27.13
3.81	1.48	2.57	7.27	27.17
3.87	1.48	2.58	7.20	27.20
3.89	1.57	2.58	7.17	27.22
3.76	1.48	2.58	7.13	27.24
3.81	1.43	2.59	7.10	27.26
3.85	1.46	2.59	7.03	27.30
3.75	1.55	2.59	6.99	27.32
3.81	1.47	2.60	6.96	27.34
3.85	1.56	2.60	6.93	27.36
3.73	1.62	2.60	6.86	27.41
3.84	1.45	2.61	6.82	27.43
3.87	1.55	2.61	6.79	27.45
3.89	1.47	2.61	6.75	27.47
3.90	1.56	2.61	6.72	27.51
3.82	1.57	2.62	6.65	27.53
3.85	1.48	2.62	6.62	27.55
3.73	1.42	2.63	6.58	27.57
3.80	1.53	2.63	6.55	27.58
3.84	1.55	2.63	6.48	27.62
3.74	1.47	2.64	6.44	27.64
3.80	1.56	2.64	6.41	27.66
3.85	1.48	2.64	6.37	27.68
3.87	1.57	2.64	6.30	27.72
3.90	1.57	2.65	6.27	27.74
3.77	1.48	2.65	6.23	27.76
3.82	1.42	2.65	6.19	27.78
3.86	1.53	2.66	6.16	27.80
3.80	1.55	2.66	6.09	27.83
3.84	1.47	2.66	6.05	27.85
3.87	1.56	2.67	6.02	27.87
3.74	1.48	2.67	5.98	27.89
3.80	1.57	2.68	5.91	27.92
3.87	1.57	2.68	5.87	27.94
3.89	1.48	2.68	5.84	27.96
3.76	1.57	2.68	5.80	27.98
3.81	1.48	2.69	5.76	28.01
3.88	1.48	2.69	5.69	28.03
3.89	1.57	2.69	5.66	28.05
3.76	1.48	2.70	5.62	28.06
3.82	1.43	2.70	5.59	28.08
3.85	1.46	2.71	5.51	28.11
3.80	1.55	2.71	5.48	28.13
3.84	1.47	2.71	5.44	28.15
3.87	1.56	2.71	5.41	28.16
3.89	1.48	2.72	5.33	28.20
3.81	1.48	2.72	5.29	28.21
3.85	1.57	2.72	5.26	28.23
3.88	1.48	2.73	5.22	28.25
3.89	1.57	2.73	5.19	28.26
3.81	1.43	2.73	5.11	28.29
3.85	1.53	2.74	5.07	28.31
3.73	1.46	2.74	5.04	28.33
3.80	1.55	2.74	5.00	28.34
3.84	1.47	2.75	4.92	28.37
3.89	1.48	2.75	4.89	28.39
3.90	1.57	2.75	4.85	28.40
3.76	1.48	2.76	4.81	28.42
3.82	1.57	2.76	4.78	28.45
3.88	1.57	2.76	4.71	28.46
3.75	1.48	2.77	4.67	28.48
3.81	1.43	2.77	4.63	28.49
3.85	1.53	2.77	4.59	28.51
3.73	1.55	2.78	4.52	28.54
3.84	1.47	2.78	4.48	28.55
3.87	1.56	2.78	4.44	28.56
3.89	1.48	2.79	4.41	28.58
3.76	1.57	2.79	4.33	28.60
3.85	1.57	2.79	4.29	28.62
3.88	1.48	2.80	4.25	28.63
3.75	1.57	2.80	4.21	28.65
3.81	1.48	2.80	4.18	28.66
3.87	1.48	2.81	4.10	28.69
3.75	1.57	2.81	4.07	28.70
3.81	1.48	2.81	4.03	28.71
3.85	1.43	2.81	3.99	28.72
3.87	1.53	2.82	3.91	28.75
3.76	1.55	2.82	3.88	28.76
3.81	1.47	2.82	3.84	28.77
3.85	1.56	2.83	3.80	28.79
3.88	1.48	2.83	3.76	28.81
3.81	1.48	2.84	3.68	28.82
3.85	1.42	2.84	3.65	28.83
3.87	1.53	2.84	3.61	28.85
3.75	1.46	2.84	3.57	28.86
3.81	1.62	2.85	3.50	28.88
3.87	1.51	2.85	3.46	28.89
3.75	1.45	2.85	3.42	28.90
3.81	1.55	2.86	3.38	28.92
3.85	1.47	2.86	3.30	28.94
3.75	1.48	2.87	3.26	28.95
3.81	1.57	2.87	3.23	28.96
3.85	1.48	2.87	3.19	28.97
3.87	1.57	2.87	3.15	28.98
3.81	1.42	2.88	3.07	29.00
3.85	1.53	2.88	3.04	29.01
3.87	1.46	2.88	3.00	29.02
3.89	1.55	2.89	2.95	29.03
3.76	1.47	2.89	2.88	29.05
3.85	1.48	2.89	2.84	29.06
3.73	1.57	2.90	2.80	29.07
3.80	1.48	2.90	2.76	29.08
3.84	1.57	2.90	2.73	29.10
3.89	1.57	2.91	2.65	29.11
3.76	1.48	2.91	2.60	29.12
3.81	1.43	2.91	2.57	29.13
3.85	1.53	2.92	2.53	29.14
3.88	1.55	2.92	2.45	29.15
3.81	1.47	2.92	2.41	29.16
3.85	1.56	2.93	2.37	29.17
3.87	1.48	2.93	2.33	29.18
3.89	1.57	2.93	2.25	29.20
3.81	1.57	2.94	2.22	29.20
3.85	1.48	2.94	2.18	29.21
3.73	1.57	2.94	2.14	29.22
3.80	1.48	2.95	2.10	29.23
3.87	1.48	2.95	2.02	29.24
3.89	1.43	2.95	1.98	29.25
3.76	1.53	2.96	1.94	29.26
3.81	1.46	2.96	1.90	29.27
3.85	1.55	2.96	1.82	29.28
3.89	1.56	2.97	1.78	29.29
3.76	1.48	2.97	1.74	29.29
3.82	1.57	2.97	1.71	29.30
3.85	1.48	2.97	1.66	29.31
3.80	1.48	2.98	1.58	29.32
3.84	1.42	2.98	1.55	29.33
3.87	1.53	2.99	1.51	29.33
3.89	1.46	2.99	1.47	29.34
3.76	1.62	2.99	1.39	29.35
3.85	1.51	3.00	1.34	29.36
3.88	1.45	3.00	1.31	29.36
3.89	1.55	3.00	1.27	29.37
3.76	1.47	3.00	1.19	29.38
3.85	1.48	3.01	1.15	29.38
3.88	1.57	3.01	1.11	29.39
3.75	1.48	3.01	1.07	29.39
3.81	1.57	3.02	1.03	29.40
3.87	1.42	3.02	0.95	29.41
3.75	1.53	3.03	0.91	29.41
3.81	1.46	3.03	0.87	29.42
3.85	1.55	3.03	0.83	29.42
3.87	1.47	3.04	0.75	29.43
3.76	1.48	3.04	0.71	29.44
3.81	1.57	3.04	0.68	29.44
3.85	1.48	3.04	0.63	29.44
3.73	1.57	3.05	0.59	29.45
3.84	1.57	3.05	0.51	29.45
3.87	1.48	3.05	0.47	29.46
3.89	1.57	3.06	0.43	29.46
3.76	1.48	3.06	0.39	29.46
3.81	1.53	3.07	0.31	29.47
3.88	1.46	3.07	0.27	29.47
3.89	1.55	3.07	0.23	29.48
3.76	1.47	3.07	0.19	29.48
3.82	1.56	3.08	0.11	29.48
3.88	1.57	3.08	0.08	29.49
3.75	1.48	3.08	0.03	29.49
3.81	1.57	3.09	-0.01	29.49
3.85	1.48	3.09	-0.05	29.49
3.75	1.48	3.09	-0.13	29.50
3.81	1.43	3.10	-0.17	29.50
3.85	1.53	3.10	-0.21	29.50
3.87	1.46	3.10	-0.24	29.50
3.75	1.55	3.11	-0.33	29.50
3.85	1.56	3.11	-0.37	29.51
3.87	1.48	3.11	-0.41	29.51
3.75	1.57	3.12	-0.45	29.51
3.81	1.48	3.12	-0.49	29.51
3.87	1.48	3.12	-0.57	29.51
3.89	1.57	3.13	-0.60	29.51
3.76	1.48	3.13	-0.65	29.51
3.81	1.57	3.13	-0.69	29.51
3.85	1.43	3.14	-0.76	29.51
3.75	1.53	3.14	-0.80	29.51
3.81	1.46	3.14	-0.85	29.51
3.85	1.55	3.15	-0.88	29.51
3.87	1.47	3.15	-0.96	29.51
3.81	1.48	3.15	-1.00	29.51
3.85	1.42	3.16	-1.04	29.51
3.73	1.53	3.16	-1.09	29.51
3.79	1.60	3.16	-1.12	29.51
3.87	1.44	3.17	-1.20	29.51
3.89	1.54	3.17	-1.25	29.51
3.76	1.46	3.17	-1.29	29.50
3.81	1.56	3.17	-1.33	29.50
3.85	1.52	3.18	-1.41	29.50
3.89	1.45	3.18	-1.45	29.50
3.76	1.55	3.19	-1.49	29.50
3.81	1.47	3.19	-1.53	29.49
3.85	1.56	3.19	-1.61	29.49
3.75	1.57	3.20	-1.64	29.49
3.81	1.48	3.20	-1.69	29.49
3.85	1.42	3.20	-1.72	29.48
3.87	1.53	3.20	-1.76	29.48
3.81	1.55	3.21	-1.84	29.48
3.85	1.47	3.21	-1.88	29.47
3.87	1.56	3.22	-1.92	29.47
3.89	1.48	3.22	-1.96	29.47
3.76	1.48	3.22	-2.04	29.46
3.85	1.42	3.23	-2.08	29.46
3.73	1.53	3.23	-2.12	29.45
3.80	1.46	3.23	-2.16	29.45
3.84	1.55	3.23	-2.24	29.44
3.89	1.56	3.24	-2.28	29.44
3.76	1.48	3.24	-2.32	29.44
3.81	1.57	3.24	-2.37	29.43
3.85	1.48	3.25	-2.40	29.43
3.75	1.48	3.25	-2.48	29.42
3.81	1.57	3.25	-2.53	29.41
3.85	1.48	3.26	-2.56	29.41
3.87	1.57	3.26	-2.60	29.40
3.89	1.48	3.27	-2.68	29.39
3.81	1.53	3.27	-2.72	29.39
3.85	1.46	3.27	-2.76	29.38
3.88	1.55	3.27	-2.80	29.38
3.75	1.47	3.28	-2.84	29.37
3.85	1.48	3.28	-2.92	29.36
3.73	1.57	3.28	-2.96	29.36
3.79	1.48	3.29	-3.00	29.35
3.84	1.42	3.29	-3.04	29.35
3.87	1.60	3.30	-3.12	29.33
3.90	1.50	3.30	-3.16	29.33
3.76	1.44	3.30	-3.20	29.32
3.82	1.54	3.30	-3.24	29.31
3.85	1.46	3.31	-3.32	29.30
3.75	1.47	3.31	-3.35	29.29
3.81	1.56	3.31	-3.39	29.29
3.85	1.48	3.32	-3.43	29.28
3.73	1.57	3.32	-3.47	29.27
3.84	1.57	3.32	-3.55	29.26
3.87	1.48	3.33	-3.59	29.25
3.89	1.57	3.33	-3.63	29.24
3.76	1.48	3.33	-3.67	29.24
3.81	1.53	3.34	-3.75	29.22
3.88	1.46	3.34	-3.79	29.21
3.89	1.55	3.34	-3.83	29.20
3.76	1.47	3.35	-3.87	29.20
3.81	1.56	3.35	-3.94	29.18
3.73	1.57	3.35	-3.98	29.17
3.80	1.48	3.36	-4.02	29.16
3.84	1.42	3.36	-4.06	29.15
3.87	1.53	3.36	-4.10	29.15
3.76	1.55	3.37	-4.18	29.13
3.81	1.62	3.37	-4.22	29.12
3.85	1.51	3.37	-4.25	29.11
3.88	1.45	3.38	-4.29	29.10
3.89	1.55	3.38	-4.37	29.08
3.81	1.56	3.38	-4.41	29.07
3.85	1.48	3.39	-4.45	29.06
3.73	1.57	3.39	-4.49	29.05
3.80	1.48	3.39	-4.53	29.03
3.87	1.48	3.40	-4.60	29.02
3.89	1.57	3.40	-4.64	29.01
3.76	1.48	3.40	-4.68	29.00
3.81	1.42	3.40	-4.72	28.99
3.88	1.46	3.41	-4.80	28.97
3.75	1.55	3.41	-4.83	28.96
3.81	1.47	3.42	-4.88	28.95
3.85	1.56	3.42	-4.91	28.94
3.87	1.48	3.42	-4.99	28.92
3.81	1.48	3.43	-5.03	28.90
3.85	1.57	3.43	-5.07	28.89
3.87	1.48	3.43	-5.11	28.88
3.89	1.57	3.43	-5.14	28.86
3.81	1.43	3.44	-5.22	28.85
3.85	1.53	3.44	-5.26	28.84
3.73	1.46	3.44	-5.30	28.82
3.80	1.55	3.45	-5.34	28.81
3.84	1.56	3.45	-5.41	28.79
3.89	1.62	3.46	-5.45	28.77
3.76	1.52	3.46	-5.49	28.76
3.81	1.45	3.46	-5.53	28.75
3.85	1.55	3.46	-5.60	28.72
3.89	1.56	3.47	-5.64	28.71
3.76	1.48	3.47	-5.68	28.70
3.81	1.42	3.47	-5.72	28.69
3.85	1.53	3.48	-5.75	28.67
3.75	1.55	3.48	-5.83	28.65
3.81	1.47	3.48	-5.87	28.63
3.85	1.56	3.49	-5.90	28.62
3.87	1.48	3.49	-5.94	28.60
3.75	1.48	3.50	-6.02	28.58
3.85	1.57	3.50	-6.05	28.56
3.87	1.48	3.50	-6.09	28.55
3.75	1.57	3.50	-6.13	28.54
3.81	1.48	3.51	-6.20	28.51
3.87	1.53	3.51	-6.24	28.49
3.75	1.46	3.51	-6.28	28.48
3.81	1.55	3.52	-6.32	28.46
3.85	1.47	3.52	-6.35	28.45
3.89	1.62	3.52	-6.43	28.42
3.76	1.52	3.53	-6.47	28.40
3.81	1.45	3.53	-6.50	28.39
3.85	1.55	3.53	-6.54	28.37
3.88	1.47	3.54	-6.61	28.34
3.81	1.48	3.54	-6.65	28.33
3.85	1.57	3.54	-6.68	28.31
3.87	1.48	3.55	-6.72	28.29
3.75	1.42	3.55	-6.76	28.26
3.85	1.46	3.55	-6.83	28.25
3.87	1.55	3.56	-6.87	28.23
3.89	1.47	3.56	-6.91	28.21
3.76	1.56	3.56	-6.94	28.20
3.85	1.57	3.57	-7.02	28.17
3.73	1.48	3.57	-7.05	28.15
3.80	1.57	3.57	-7.09	28.13
3.84	1.48	3.58	-7.13	28.11
3.87	1.57	3.58	-7.20	28.08
3.76	1.57	3.58	-7.24	28.06
3.81	1.48	3.59	-7.27	28.05
3.85	1.57	3.59	-7.30	28.03
3.88	1.48	3.59	-7.34	27.99
3.76	1.53	3.60	-7.41	27.98
3.82	1.46	3.60	-7.45	27.96
3.85	1.55	3.60	-7.49	27.94
3.73	1.47	3.60	-7.52	27.92
3.80	1.48	3.61	-7.59	27.89
3.87	1.57	3.61	-7.63	27.87
3.89	1.48	3.62	-7.66	27.85
3.76	1.57	3.62	-7.70	27.83
3.81	1.48	3.62	-7.77	27.80
3.88	1.48	3.63	-7.81	27.78
3.75	1.43	3.63	-7.84	27.76
3.81	1.53	3.63	-7.88	27.74
3.85	1.46	3.63	-7.91	27.70
3.89	1.47	3.64	-7.98	27.68
3.76	1.56	3.64	-8.02	27.66
3.81	1.62	3.65	-8.05	27.64
3.85	1.52	3.65	-8.09	27.62
3.88	1.55	3.65	-8.16	27.58
3.81	1.47	3.66	-8.19	27.57
3.85	1.56	3.66	-8.22	27.55
3.73	1.48	3.66	-8.26	27.53
3.79	1.57	3.66	-8.33	27.49
3.87	1.42	3.67	-8.36	27.47
3.89	1.53	3.67	-8.40	27.45
3.90	1.46	3.67	-8.43	27.43
3.76	1.55	3.68	-8.47	27.41
3.85	1.56	3.68	-8.54	27.36
3.73	1.48	3.68	-8.57	27.34
3.80	1.57	3.69	-8.61	27.32
3.84	1.48	3.69	-8.64	27.30
3.87	1.57	3.70	-8.71	27.26
3.80	1.57	3.70	-8.74	27.24
3.85	1.48	3.70	-8.77	27.22
3.87	1.57	3.70	-8.81	27.20
3.89	1.48	3.71	-8.84	27.15
3.81	1.53	3.71	-8.91	27.13
3.85	1.46	3.71	-8.94	27.11
3.73	1.55	3.72	-8.98	27.09
3.80	1.47	3.72	-9.01	27.07
3.87	1.48	3.72	-9.08	27.02
3.89	1.57	3.73	-9.11	27.00
3.76	1.48	3.73	-9.15	26.98
3.81	1.57	3.73	-9.18	26.95
3.85	1.48	3.74	-9.25	26.91
3.75	1.48	3.74	-9.28	26.89
3.81	1.57	3.74	-9.31	26.87
3.85	1.48	3.75	-9.34	26.84
3.87	1.57	3.75	-9.38	26.80
3.81	1.43	3.75	-9.44	26.77
3.85	1.53	3.76	-9.48	26.75
3.87	1.46	3.76	-9.51	26.73
3.89	1.55	3.76	-9.54	26.70
3.76	1.56	3.77	-9.61	26.66
3.85	1.48	3.77	-9.64	26.63
3.88	1.57	3.77	-9.67	26.61
3.75	1.48	3.78	-9.70	26.59
3.81	1.57	3.78	-9.77	26.54
3.87	1.57	3.78	-9.80	26.52
3.75	1.48	3.79	-9.83	26.49
3.81	1.57	3.79	-9.86	26.47
3.85	1.48	3.79	-9.89	26.44
3.75	1.48	3.80	-9.96	26.39
3.81	1.43	3.80	-9.99	26.37
3.85	1.53	3.80	-10.02	26.35
3.87	1.46	3.80	-10.05	26.32
3.89	1.47	3.81	-10.12	26.27
3.81	1.56	3.81	-10.15	26.25
3.85	1.48	3.82	-10.18	26.22
3.88	1.57	3.82	-10.21	26.20
3.75	1.48	3.82	-10.27	26.15
3.85	1.48	3.83	-10.30	26.12
3.73	1.42	3.83	-10.33	26.10
3.79	1.53	3.83	-10.37	26.07
3.84	1.46	3.83	-10.39	26.02
3.89	1.47	3.84	-10.46	25.99
3.76	1.56	3.84	-10.49	25.97
3.81	1.62	3.84	-10.52	25.94
3.85	1.52	3.85	-10.55	25.92
3.80	1.55	3.85	-10.61	25.86
3.84	1.47	3.86	-10.64	25.84
3.87	1.56	3.86	-10.67	25.81
3.89	1.48	3.86	-10.70	25.78
3.76	1.48	3.87	-10.76	25.73
3.85	1.42	3.87	-10.79	25.70
3.88	1.53	3.87	-10.82	25.68
3.89	1.46	3.87	-10.85	25.65
3.76	1.55	3.88	-10.91	25.60
3.85	1.56	3.88	-10.94	25.57
3.73	1.48	3.88	-10.97	25.54
3.80	1.57	3.89	-11.00	25.51
3.84	1.48	3.89	-11.03	25.46
3.89	1.48	3.90	-11.08	25.43
3.76	1.57	3.90	-11.11	25.41
3.81	1.48	3.90	-11.14	25.38
3.85	1.57	3.90	-11.17	25.35
3.75	1.43	3.91	-11.23	25.30
3.81	1.53	3.91	-11.26	25.27
3.85	1.46	3.91	-11.28	25.24
3.87	1.55	3.92	-11.32	25.21
3.75	1.56	3.92	-11.37	25.16
3.85	1.48	3.92	-11.40	25.13
3.87	1.57	3.93	-11.43	25.10
3.75	1.48	3.93	-11.46	25.07
3.81	1.57	3.93	-11.51	25.02
3.87	1.57	3.94	-11.54	24.99
3.75	1.48	3.94	-11.57	24.96
3.81	1.57	3.94	-11.60	24.93
3.85	1.48	3.95	-11.62	24.87
3.89	1.53	3.95	-11.68	24.84
3.76	1.46	3.95	-11.71	24.81
3.81	1.55	3.96	-11.73	24.79
3.85	1.47	3.96	-11.76	24.76
3.80	1.48	3.96	-11.82	24.70
3.84	1.57	3.97	-11.84	24.67
3.87	1.48	3.97	-11.87	24.64
3.89	1.57	3.97	-11.90	24.61
3.76	1.57	3.98	-11.95	24.55
3.85	1.48	3.98	-11.98	24.52
3.73	1.57	3.98	-12.00	24.49
3.80	1.48	3.99	-12.03	24.46
3.84	1.43	3.99	-12.08	24.40
3.89	1.46	3.99	-12.11	24.37
3.76	1.55	4.00	-12.14	24.34
3.81	1.47	4.00	-12.16	24.31
3.85	1.56	4.00	-12.19	24.25
3.89	1.57	4.01	-12.24	24.22
3.76	1.48	4.01	-12.27	24.19
3.81	1.42	4.01	-12.29	24.16
3.85	1.53	4.02	-12.32	24.13
3.80	1.55	4.02	-12.37	24.06
3.84	1.47	4.02	-12.39	24.03
3.87	1.56	4.03	-12.42	24.00
3.74	1.48	4.03	-12.44	23.97
3.80	1.63	4.03	-12.50	23.91
3.87	1.52	4.04	-12.52	23.88
3.89	1.45	4.04	-12.54	23.85
3.76	1.55	4.04	-12.57	23.82
3.81	1.47	4.04	-12.62	23.75
3.88	1.48	4.05	-12.64	23.72
3.75	1.42	4.05	-12.67	23.69
3.81	1.53	4.06	-12.69	23.66
3.85	1.46	4.06	-12.72	23.60
3.75	1.47	4.06	-12.77	23.56
3.81	1.56	4.07	-12.79	23.53
3.85	1.48	4.07	-12.81	23.50
3.87	1.57	4.07	-12.84	23.47
3.76	1.57	4.08	-12.88	23.40
3.81	1.48	4.08	-12.91	23.37
3.85	1.42	4.08	-12.93	23.34
3.88	1.53	4.08	-12.96	23.30
3.75	1.46	4.09	-13.00	23.24
3.85	1.62	4.09	-13.02	23.21
3.73	1.51	4.10	-13.05	23.17
3.79	1.45	4.10	-13.07	23.14
3.84	1.55	4.10	-13.12	23.08
3.89	1.56	4.11	-13.14	23.04
3.76	1.48	4.11	-13.16	23.01
3.81	1.57	4.11	-13.19	22.98
3.85	1.48	4.11	-13.21	22.91
3.89	1.48	4.12	-13.25	22.88
3.76	1.42	4.12	-13.28	22.84
3.81	1.53	4.12	-13.30	22.81
3.85	1.46	4.13	-13.32	22.78
3.80	1.47	4.13	-13.36	22.71
3.84	1.56	4.14	-13.39	22.68
3.87	1.48	4.14	-13.41	22.64
3.89	1.57	4.14	-13.43	22.61
3.76	1.48	4.15	-13.47	22.54
3.85	1.48	4.15	-13.49	22.51
3.88	1.42	4.15	-13.51	22.48
3.89	1.53	4.15	-13.54	22.44
3.76	1.46	4.16	-13.58	22.37
3.85	1.62	4.16	-13.60	22.34
3.73	1.51	4.16	-13.62	22.30
3.80	1.45	4.17	-13.64	22.27
3.84	1.55	4.17	-13.66	22.20
3.89	1.56	4.18	-13.70	22.17
3.76	1.48	4.18	-13.72	22.13
3.81	1.57	4.18	-13.74	22.10
3.85	1.48	4.18	-13.76	22.06
3.75	1.53	4.19	-13.80	21.99
3.81	1.46	4.19	-13.82	21.96
3.85	1.55	4.19	-13.84	21.93
3.87	1.62	4.20	-13.86	21.89
3.75	1.51	4.20	-13.90	21.82
3.85	1.55	4.20	-13.92	21.78
3.87	1.47	4.21	-13.94	21.75
3.89	1.56	4.21	-13.96	21.71
3.76	1.48	4.21	-14.00	21.65
3.85	1.48	4.22	-14.02	21.61
3.73	1.57	4.22	-14.04	21.58
3.80	1.48	4.22	-14.06	21.54
3.84	1.42	4.23	-14.07	21.47
3.89	1.46	4.23	-14.11	21.43
3.76	1.55	4.23	-14.13	21.40
3.81	1.47	4.24	-14.15	21.36
3.85	1.56	4.24	-14.17	21.33
3.89	1.57	4.25	-14.20	21.26
3.76	1.48	4.25	-14.22	21.22
3.82	1.42	4.25	-14.24	21.19
3.85	1.53	4.25	-14.25	21.15
3.73	1.46	4.26	-14.29	21.07
3.84	1.47	4.26	-14.31	21.04
3.87	1.56	4.26	-14.33	21.00
3.89	1.48	4.27	-14.34	20.97
3.76	1.57	4.27	-14.38	20.90
3.85	1.57	4.27	-14.39	20.86
3.73	1.48	4.28	-14.41	20.82
3.80	1.57	4.28	-14.43	20.79
3.84	1.48	4.28	-14.44	20.72
3.89	1.48	4.29	-14.48	20.68
3.76	1.43	4.29	-14.49	20.64
3.81	1.53	4.29	-14.51	20.61
3.85	1.46	4.30	-14.53	20.57
3.89	1.47	4.30	-14.56	20.49
3.76	1.56	4.30	-14.57	20.46
3.81	1.48	4.31	-14.59	20.42
3.85	1.42	4.31	-14.60	20.39
3.88	1.53	4.31	-14.64	20.31
3.81	1.55	4.32	-14.65	20.27
3.85	1.62	4.32	-14.67	20.24
3.87	1.51	4.32	-14.68	20.20
3.75	1.45	4.33	-14.71	20.13
3.85	1.47	4.33	-14.73	20.09
3.73	1.56	4.33	-14.74	20.05
3.79	1.48	4.34	-14.76	20.01
3.84	1.57	4.34	-14.77	19.94
3.89	1.42	4.34	-14.80	19.90
3.76	1.53	4.35	-14.81	19.86
3.81	1.46	4.35	-14.83	19.83
3.85	1.55	4.35	-14.84	19.79
3.89	1.56	4.36	-14.87	19.71
3.76	1.48	4.36	-14.88	19.68
3.81	1.57	4.36	-14.90	19.64
3.85	1.48	4.37	-14.91	19.60
3.88	1.48	4.37	-14.94	19.53
3.81	1.57	4.37	-14.95	19.49
3.85	1.48	4.38	-14.96	19.45
3.87	1.43	4.38	-14.98	19.42
3.75	1.53	4.38	-15.00	19.34
3.85	1.55	4.39	-15.02	19.30
3.87	1.47	4.39	-15.03	19.26
3.75	1.56	4.39	-15.04	19.23
3.81	1.48	4.39	-15.05	19.15
3.87	1.48	4.40	-15.08	19.11
3.75	1.42	4.40	-15.09	19.07
3.81	1.53	4.41	-15.10	19.03
3.85	1.46	4.41	-15.12	19.00
3.89	1.47	4.41	-15.14	18.92
3.76	1.56	4.42	-15.15	18.88
3.81	1.62	4.42	-15.16	18.85
3.85	1.52	4.42	-15.17	18.81
3.73	1.45	4.43	-15.20	18.73
3.84	1.47	4.43	-15.21	18.69
3.87	1.56	4.43	-15.22	18.65
3.89	1.48	4.43	-15.23	18.61
3.76	1.42	4.44	-15.25	18.53
3.85	1.46	4.44	-15.26	18.50
3.88	1.55	4.45	-15.27	18.46
3.89	1.47	4.45	-15.28	18.42
3.76	1.56	4.45	-15.29	18.35
3.85	1.57	4.46	-15.31	18.31
3.73	1.48	4.46	-15.32	18.27
3.80	1.57	4.46	-15.33	18.23
3.84	1.48	4.46	-15.34	18.19
3.89	1.53	4.47	-15.36	18.11
3.76	1.46	4.47	-15.37	18.07
3.81	1.55	4.47	-15.38	18.03
3.85	1.62	4.48	-15.39	18.00
3.88	1.51	4.48	-15.41	17.92
3.81	1.55	4.49	-15.42	17.87
3.85	1.47	4.49	-15.43	17.84
3.87	1.56	4.49	-15.44	17.80
3.75	1.48	4.49	-15.45	17.72
3.85	1.48	4.50	-15.46	17.68
3.73	1.42	4.50	-15.47	17.64
3.79	1.53	4.50	-15.48	17.60
3.84	1.46	4.51	-15.49	17.53
3.89	1.47	4.51	-15.50	17.49
3.90	1.56	4.51	-15.51	17.45
3.76	1.48	4.52	-15.52	17.41
3.82	1.57	4.52	-15.53	17.37
3.73	1.57	4.53	-15.54	17.29
3.80	1.48	4.53	-15.55	17.25
3.84	1.57	4.53	-15.56	17.21
3.87	1.48	4.53	-15.56	17.17
3.74	1.42	4.54	-15.58	17.10
3.85	1.46	4.54	-15.58	17.05
3.87	1.55	4.54	-15.59	17.02
3.89	1.47	4.55	-15.60	16.98
3.76	1.56	4.55	-15.61	16.90
3.85	1.57	4.55	-15.62	16.86
3.73	1.48	4.56	-15.62	16.82
3.80	1.57	4.56	-15.63	16.78
3.84	1.48	4.56	-15.63	16.70
3.89	1.48	4.57	-15.65	16.66
3.76	1.43	4.57	-15.65	16.62
3.81	1.53	4.57	-15.66	16.58
3.85	1.46	4.58	-15.66	16.54
3.89	1.47	4.58	-15.67	16.46
3.76	1.56	4.58	-15.68	16.42
3.81	1.48	4.59	-15.68	16.38
3.85	1.57	4.59	-15.69	16.34
3.73	1.48	4.59	-15.70	16.27
3.84	1.48	4.60	-15.70	16.22
3.72	1.57	4.60	-15.71	16.19
3.79	1.48	4.60	-15.71	16.14
3.84	1.43	4.61	-15.72	16.06
3.89	1.46	4.61	-15.72	16.03
3.90	1.55	4.61	-15.73	15.98
3.76	1.62	4.62	-15.73	15.94
3.82	1.51	4.62	-15.73	15.87
3.88	1.55	4.62	-15.74	15.82
3.75	1.47	4.63	-15.75	15.78
3.81	1.56	4.63	-15.75	15.75
3.85	1.48	4.63	-15.75	15.71
3.79	1.48	4.64	-15.76	15.62
3.84	1.57	4.64	-15.76	15.59
3.87	1.48	4.64	-15.76	15.55
3.89	1.57	4.65	-15.77	15.51
3.76	1.48	4.65	-15.77	15.43
3.85	1.53	4.65	-15.77	15.39
3.88	1.46	4.66	-15.78	15.35
3.75	1.55	4.66	-15.78	15.31
3.81	1.47	4.66	-15.78	15.23
3.87	1.48	4.67	-15.78	15.19
3.75	1.57	4.67	-15.79	15.15
3.81	1.48	4.67	-15.79	15.11
3.85	1.57	4.68	-15.79	15.03
3.89	1.57	4.68	-15.79	14.99
3.76	1.48	4.68	-15.79	14.95
3.81	1.43	4.69	-15.79	14.91
3.85	1.53	4.69	-15.79	14.87
3.80	1.55	4.69	-15.80	14.78
3.84	1.47	4.70	-15.80	14.75
3.87	1.56	4.70	-15.80	14.71
3.89	1.48	4.70	-15.80	14.67
3.76	1.57	4.71	-15.80	14.59
3.85	1.57	4.71	-15.80	14.55
3.88	1.48	4.71	-15.80	14.51
3.89	1.57	4.71	-15.80	14.46
3.76	1.48	4.72	-15.80	14.39
3.85	1.48	4.72	-15.80	14.35
3.73	1.43	4.73	-15.80	14.31
3.80	1.53	4.73	-15.80	14.26
3.84	1.46	4.73	-15.80	14.19
3.74	1.62	4.74	-15.79	14.15
3.80	1.51	4.74	-15.79	14.10
3.85	1.45	4.74	-15.79	14.07
3.87	1.55	4.74	-15.79	14.03
3.76	1.56	4.75	-15.79	13.95
3.81	1.48	4.75	-15.79	13.90
3.85	1.57	4.75	-15.78	13.87
3.88	1.48	4.76	-15.78	13.83
3.75	1.42	4.76	-15.78	13.75
3.85	1.46	4.77	-15.78	13.71
3.73	1.55	4.77	-15.77	13.67
3.79	1.47	4.77	-15.77	13.63
3.84	1.56	4.77	-15.77	13.55
3.89	1.52	4.78	-15.76	13.51
3.76	1.45	4.78	-15.76	13.47
3.81	1.55	4.78	-15.76	13.43
3.85	1.47	4.79	-15.76	13.35
3.89	1.48	4.79	-15.75	13.31
3.76	1.42	4.79	-15.75	13.27
3.81	1.53	4.80	-15.74	13.23
3.85	1.46	4.80	-15.74	13.19
3.75	1.47	4.81	-15.73	13.11
3.81	1.56	4.81	-15.73	13.07
3.85	1.48	4.81	-15.72	13.03
3.87	1.57	4.81	-15.72	12.99
3.75	1.48	4.82	-15.71	12.91
3.85	1.48	4.82	-15.71	12.87
3.73	1.57	4.82	-15.70	12.83
3.79	1.48	4.83	-15.70	12.79
3.84	1.57	4.83	-15.69	12.71
3.89	1.43	4.83	-15.68	12.67
3.90	1.53	4.84	-15.68	12.63
3.76	1.46	4.84	-15.67	12.59
3.82	1.55	4.84	-15.67	12.51
3.73	1.56	4.85	-15.66	12.47
3.80	1.48	4.85	-15.65	12.43
3.84	1.57	4.85	-15.65	12.39
3.87	1.48	4.86	-15.64	12.35
3.76	1.48	4.86	-15.63	12.27
3.81	1.57	4.86	-15.62	12.24
3.85	1.48	4.87	-15.62	12.20
3.88	1.57	4.87	-15.61	12.16
3.75	1.43	4.87	-15.60	12.08
3.85	1.53	4.88	-15.59	12.04
3.73	1.46	4.88	-15.59	12.00
3.79	1.55	4.88	-15.58	11.96
3.84	1.47	4.89	-15.56	11.88
3.89	1.48	4.89	-15.56	11.84
3.76	1.57	4.89	-15.55	11.80
3.81	1.48	4.90	-15.54	11.76
3.85	1.57	4.90	-15.53	11.68
3.89	1.57	4.90	-15.52	11.64
3.76	1.48	4.91	-15.51	11.60
3.81	1.57	4.91	-15.51	11.57
3.85	1.48	4.91	-15.50	11.53
3.80	1.53	4.92	-15.48	11.45
3.84	1.46	4.92	-15.47	11.41
3.87	1.55	4.92	-15.46	11.37
3.89	1.47	4.93	-15.46	11.33
3.76	1.48	4.93	-15.44	11.25
3.85	1.57	4.93	-15.43	11.22
3.88	1.48	4.94	-15.42	11.17
3.75	1.57	4.94	-15.41	11.14
3.81	1.48	4.94	-15.39	11.06
3.87	1.48	4.95	-15.38	11.02
3.75	1.57	4.95	-15.37	10.98
3.81	1.48	4.95	-15.36	10.94
3.85	1.43	4.95	-15.36	10.86
3.75	1.46	4.96	-15.34	10.82
3.81	1.55	4.96	-15.33	10.78
3.85	1.47	4.97	-15.32	10.75
3.87	1.56	4.97	-15.31	10.71
3.81	1.57	4.97	-15.28	10.63
3.85	1.48	4.98	-15.27	10.59
3.87	1.57	4.98	-15.26	10.55
3.89	1.48	4.98	-15.25	10.51
3.76	1.48	4.99	-15.23	10.44
3.85	1.57	4.99	-15.22	10.40
3.88	1.48	4.99	-15.21	10.36
3.75	1.57	4.99	-15.20	10.32
3.81	1.48	5.00	-15.18	10.25
3.73	1.53	5.00	-15.17	10.21
3.79	1.46	5.01	-15.15	10.17
3.84	1.55	5.01	-15.14	10.13
3.87	1.47	5.01	-15.13	10.06
3.76	1.48	5.02	-15.11	10.02
3.81	1.57	5.02	-15.09	9.98
3.85	1.48	5.02	-15.08	9.94
3.88	1.57	5.02	-15.07	9.90
3.75	1.42	5.03	-15.05	9.83
3.85	1.53	5.03	-15.03	9.79
3.87	1.46	5.03	-15.02	9.75
3.75	1.55	5.04	-15.01	9.71
3.81	1.47	5.04	-14.98	9.64
3.87	1.48	5.05	-14.97	9.60
3.89	1.57	5.05	-14.96	9.56
3.76	1.48	5.05	-14.94	9.52
3.81	1.57	5.05	-14.93	9.48
3.88	1.57	5.06	-14.90	9.41
3.75	1.48	5.06	-14.89	9.37
3.81	1.57	5.06	-14.87	9.34
3.85	1.48	5.07	-14.86	9.30
3.73	1.43	5.07	-14.83	9.22
3.84	1.46	5.07	-14.82	9.18
3.87	1.55	5.08	-14.80	9.15
3.89	1.47	5.08	-14.79	9.11
3.76	1.56	5.08	-14.76	9.03
3.85	1.57	5.09	-14.75	9.00
3.88	1.48	5.09	-14.73	8.96
3.89	1.57	5.09	-14.72	8.92
3.76	1.48	5.10	-14.70	8.89
3.85	1.48	5.10	-14.67	8.81
3.73	1.43	5.10	-14.66	8.78
3.80	1.53	5.11	-14.64	8.74
3.84	1.46	5.11	-14.63	8.70
3.87	1.55	5.11	-14.59	8.63
3.80	1.56	5.12	-14.58	8.59
3.85	1.48	5.12	-14.56	8.56
3.87	1.57	5.12	-14.55	8.52
3.75	1.48	5.13	-14.53	8.44
3.85	1.48	5.13	-14.50	8.41
3.87	1.57	5.13	-14.48	8.37
3.89	1.48	5.14	-14.46	8.33
3.76	1.57	5.14	-14.45	8.30
3.81	1.57	5.14	-14.42	8.23
3.88	1.48	5.15	-14.40	8.19
3.75	1.43	5.15	-14.38	8.15
3.81	1.53	5.15	-14.36	8.12
3.85	1.46	5.16	-14.33	8.05
3.75	1.47	5.16	-14.31	8.01
3.81	1.56	5.16	-14.29	7.97
3.85	1.48	5.17	-14.28	7.94
3.87	1.42	5.17	-14.26	7.86
3.81	1.46	5.17	-14.22	7.83
3.85	1.55	5.18	-14.21	7.79
3.87	1.47	5.18	-14.19	7.76
3.89	1.56	5.18	-14.17	7.72
3.76	1.52	5.19	-14.13	7.65
3.85	1.45	5.19	-14.12	7.62
3.73	1.55	5.19	-14.10	7.58
3.80	1.47	5.19	-14.08	7.54
3.84	1.56	5.20	-14.04	7.47
3.74	1.57	5.20	-14.02	7.44
3.80	1.48	5.21	-14.00	7.40
3.85	1.42	5.21	-13.98	7.37
3.87	1.53	5.21	-13.97	7.34
3.90	1.55	5.22	-13.93	7.26
3.77	1.47	5.22	-13.91	7.23
3.82	1.56	5.22	-13.89	7.19
3.86	1.48	5.22	-13.87	7.16
3.73	1.48	5.23	-13.83	7.09
3.84	1.57	5.23	-13.81	7.06
3.87	1.48	5.23	-13.79	7.02
3.74	1.57	5.24	-13.77	6.99
3.80	1.48	5.24	-13.73	6.92
3.87	1.53	5.25	-13.71	6.88
3.75	1.46	5.25	-13.69	6.85
3.81	1.55	5.25	-13.67	6.81
3.85	1.47	5.25	-13.65	6.78
3.75	1.48	5.26	-13.61	6.71
3.81	1.57	5.26	-13.58	6.68
3.85	1.48	5.26	-13.56	6.64
3.87	1.57	5.27	-13.54	6.61
3.89	1.48	5.27	-13.50	6.54
3.81	1.48	5.27	-13.48	6.51
3.85	1.57	5.28	-13.46	6.47
3.73	1.48	5.28	-13.44	6.44
3.80	1.43	5.28	-13.39	6.37
3.87	1.46	5.29	-13.37	6.34
3.89	1.55	5.29	-13.35	6.30
3.76	1.47	5.29	-13.33	6.27
3.81	1.56	5.30	-13.30	6.24
3.88	1.57	5.30	-13.26	6.17
3.89	1.48	5.30	-13.24	6.14
3.76	1.57	5.31	-13.22	6.10
3.81	1.48	5.31	-13.19	6.07
3.85	1.57	5.31	-13.15	6.00
3.80	1.43	5.32	-13.13	5.98
3.84	1.53	5.32	-13.10	5.94
3.87	1.46	5.32	-13.08	5.91
3.74	1.55	5.33	-13.06	5.84
3.85	1.56	5.33	-13.01	5.81
3.87	1.48	5.33	-12.99	5.78
3.75	1.57	5.34	-12.96	5.74
3.81	1.48	5.34	-12.94	5.71
3.87	1.48	5.34	-12.89	5.65
3.89	1.57	5.35	-12.87	5.62
3.76	1.48	5.35	-12.84	5.58
3.81	1.57	5.35	-12.82	5.55
3.85	1.48	5.36	-12.77	5.49
3.75	1.53	5.36	-12.75	5.45
3.81	1.46	5.36	-12.72	5.42
3.85	1.55	5.37	-12.70	5.39
3.73	1.47	5.37	-12.68	5.33
3.84	1.48	5.37	-12.63	5.29
3.87	1.57	5.38	-12.60	5.27
3.89	1.48	5.38	-12.58	5.23
3.90	1.57	5.38	-12.55	5.20
3.76	1.42	5.39	-12.51	5.14
3.85	1.53	5.39	-12.48	5.11
3.73	1.46	5.39	-12.45	5.08
3.80	1.55	5.39	-12.43	5.05
3.84	1.47	5.40	-12.38	4.98
3.74	1.48	5.40	-12.35	4.95
3.80	1.57	5.41	-12.33	4.92
3.85	1.48	5.41	-12.30	4.89
3.87	1.57	5.41	-12.27	4.86
3.81	1.57	5.42	-12.22	4.80
3.85	1.48	5.42	-12.20	4.77
3.87	1.57	5.42	-12.17	4.74
3.75	1.48	5.42	-12.15	4.71
3.81	1.43	5.43	-12.10	4.65
3.87	1.46	5.43	-12.07	4.62
3.75	1.55	5.43	-12.04	4.59
3.81	1.47	5.44	-12.01	4.56
3.85	1.42	5.44	-11.96	4.50
3.89	1.60	5.45	-11.93	4.47
3.76	1.50	5.45	-11.91	4.44
3.81	1.44	5.45	-11.88	4.41
3.85	1.54	5.45	-11.85	4.38
3.75	1.51	5.46	-11.80	4.32
3.81	1.44	5.46	-11.77	4.29
3.85	1.54	5.46	-11.74	4.26
3.87	1.47	5.47	-11.72	4.23
3.75	1.56	5.47	-11.66	4.18
3.85	1.57	5.47	-11.64	4.15
3.87	1.48	5.48	-11.61	4.12
3.75	1.57	5.48	-11.58	4.09
3.81	1.48	5.48	-11.55	4.03
3.87	1.53	5.49	-11.50	4.01
3.75	1.46	5.49	-11.47	3.98
3.81	1.55	5.49	-11.44	3.95
3.85	1.47	5.50	-11.41	3.92
3.73	1.48	5.50	-11.35	3.86
3.84	1.57	5.50	-11.33	3.83
3.87	1.48	5.51	-11.30	3.80
3.89	1.57	5.51	-11.27	3.78
3.90	1.48	5.51	-11.21	3.72
3.82	1.48	5.52	-11.18	3.69
3.85	1.43	5.52	-11.15	3.67
3.88	1.53	5.52	-11.13	3.64
3.75	1.46	5.53	-11.10	3.59
3.85	1.47	5.53	-11.04	3.56
3.73	1.56	5.53	-11.01	3.53
3.79	1.48	5.54	-10.98	3.50
3.84	1.57	5.54	-10.95	3.48
3.87	1.57	5.54	-10.89	3.42
3.76	1.48	5.55	-10.86	3.39
3.81	1.42	5.55	-10.83	3.37
3.85	1.53	5.55	-10.80	3.34
3.73	1.46	5.55	-10.74	3.29
3.84	1.47	5.56	-10.71	3.26
3.87	1.56	5.56	-10.68	3.24
3.89	1.48	5.57	-10.65	3.21
3.76	1.57	5.57	-10.62	3.18
3.85	1.57	5.57	-10.56	3.13
3.88	1.48	5.58	-10.53	3.11
3.89	1.57	5.58	-10.50	3.08
3.76	1.48	5.58	-10.47	3.05
3.81	1.43	5.59	-10.41	3.00
3.73	1.46	5.59	-10.38	2.98
3.80	1.55	5.59	-10.34	2.95
3.84	1.47	5.59	-10.31	2.92
3.87	1.56	5.60	-10.28	2.87
3.76	1.57	5.60	-10.22	2.85
3.81	1.48	5.61	-10.19	2.82
3.85	1.57	5.61	-10.16	2.80
3.88	1.48	5.61	-10.13	2.77
3.81	1.48	5.62	-10.06	2.72
3.85	1.43	5.62	-10.04	2.70
3.87	1.53	5.62	-10.00	2.68
3.75	1.46	5.62	-9.97	2.65
3.81	1.55	5.63	-9.91	2.60
3.87	1.56	5.63	-9.88	2.58
3.89	1.48	5.63	-9.84	2.55
3.76	1.57	5.64	-9.81	2.53
3.81	1.48	5.64	-9.78	2.51
3.73	1.48	5.65	-9.72	2.46
3.80	1.57	5.65	-9.68	2.43
3.84	1.48	5.65	-9.65	2.41
3.87	1.43	5.65	-9.62	2.39
3.89	1.53	5.66	-9.55	2.34
3.81	1.55	5.66	-9.52	2.32
3.85	1.47	5.66	-9.49	2.29
3.88	1.56	5.67	-9.46	2.27
3.89	1.48	5.67	-9.42	2.22
3.81	1.48	5.68	-9.36	2.20
3.85	1.57	5.68	-9.32	2.18
3.73	1.48	5.68	-9.29	2.16
3.80	1.57	5.68	-9.26	2.13
3.84	1.48	5.69	-9.19	2.09
3.89	1.53	5.69	-9.16	2.07
3.76	1.46	5.69	-9.13	2.04
3.81	1.55	5.70	-9.09	2.02
3.85	1.47	5.70	-9.06	1.98
3.75	1.48	5.70	-8.99	1.96
3.81	1.57	5.71	-8.96	1.93
3.85	1.48	5.71	-8.93	1.91
3.87	1.57	5.71	-8.89	1.89
3.75	1.48	5.72	-8.82	1.85
3.85	1.48	5.72	-8.79	1.83
3.87	1.57	5.72	-8.76	1.81
3.89	1.48	5.73	-8.72	1.78
3.76	1.43	5.73	-8.69	1.74
3.85	1.46	5.73	-8.62	1.72
3.73	1.55	5.74	-8.59	1.70
3.80	1.47	5.74	-8.55	1.68
3.84	1.56	5.74	-8.52	1.66
3.87	1.57	5.75	-8.45	1.62
3.76	1.48	5.75	-8.41	1.60
3.81	1.57	5.75	-8.38	1.58
3.85	1.48	5.75	-8.35	1.56
3.88	1.57	5.76	-8.31	1.52
3.81	1.43	5.76	-8.24	1.50
3.85	1.53	5.77	-8.21	1.48
3.87	1.46	5.77	-8.17	1.46
3.75	1.55	5.77	-8.14	1.44
3.81	1.56	5.78	-8.07	1.40
3.87	1.48	5.78	-8.03	1.38
3.89	1.57	5.78	-8.00	1.36
3.76	1.48	5.78	-7.96	1.34
3.81	1.57	5.79	-7.93	1.30
3.73	1.57	5.79	-7.85	1.28
3.80	1.48	5.79	-7.82	1.27
3.84	1.57	5.80	-7.79	1.25
3.87	1.48	5.80	-7.75	1.23
3.89	1.53	5.81	-7.68	1.19
3.81	1.46	5.81	-7.64	1.17
3.85	1.55	5.81	-7.61	1.16
3.88	1.47	5.81	-7.57	1.14
3.89	1.56	5.82	-7.54	1.10
3.82	1.57	5.82	-7.47	1.08
3.85	1.48	5.82	-7.43	1.07
3.73	1.57	5.83	-7.39	1.05
3.80	1.48	5.83	-7.36	1.03
3.84	1.53	5.83	-7.29	1.00
3.89	1.46	5.84	-7.25	0.98
3.76	1.55	5.84	-7.21	0.96
3.81	1.62	5.84	-7.18	0.95
3.85	1.51	5.85	-7.10	0.91
3.75	1.50	5.85	-7.07	0.89
3.81	1.43	5.85	-7.03	0.88
3.85	1.54	5.86	-7.00	0.86
3.87	1.46	5.86	-6.96	0.84
3.75	1.47	5.86	-6.88	0.81
3.85	1.56	5.87	-6.85	0.79
3.87	1.48	5.87	-6.81	0.78
3.89	1.42	5.87	-6.78	0.76
3.76	1.53	5.87	-6.70	0.73
3.85	1.50	5.88	-6.67	0.72
3.88	1.44	5.88	-6.63	0.70
3.75	1.54	5.89	-6.59	0.68
3.81	1.46	5.89	-6.55	0.67
3.85	1.47	5.89	-6.48	0.64
3.75	1.56	5.90	-6.44	0.62
3.81	1.48	5.90	-6.41	0.61
3.85	1.57	5.90	-6.37	0.59
3.73	1.48	5.90	-6.29	0.56
3.84	1.48	5.91	-6.26	0.55
3.87	1.57	5.91	-6.22	0.53
3.89	1.48	5.91	-6.18	0.52
3.90	1.57	5.92	-6.15	0.51
3.76	1.43	5.92	-6.07	0.48
3.85	1.53	5.93	-6.03	0.46
3.88	1.46	5.93	-6.00	0.45
3.75	1.55	5.93	-5.96	0.44
3.81	1.47	5.93	-5.88	0.41
3.73	1.48	5.94	-5.85	0.40
3.79	1.57	5.94	-5.81	0.38
3.84	1.48	5.94	-5.77	0.37
3.87	1.57	5.95	-5.73	0.36
3.89	1.57	5.95	-5.66	0.33
3.81	1.48	5.95	-5.62	0.32
3.85	1.43	5.96	-5.58	0.30
3.88	1.53	5.96	-5.55	0.29
3.75	1.46	5.96	-5.46	0.27
3.85	1.47	5.97	-5.43	0.25
3.87	1.56	5.97	-5.39	0.24
3.75	1.48	5.97	-5.35	0.23
3.81	1.57	5.98	-5.31	0.22
3.87	1.57	5.98	-5.24	0.19
3.89	1.48	5.98	-5.20	0.18
3.76	1.57	5.99	-5.16	0.17
3.81	1.48	5.99	-5.12	0.16
3.85	1.57	5.99	-5.05	0.13
3.75	1.57	6.00	-5.01	0.12
3.81	1.48	6.00	-4.97	0.11
3.85	1.43	6.00	-4.93	0.10
3.87	1.53	6.01	-4.89	0.09
3.81	1.55	6.01	-4.82	0.07
3.85	1.47	6.01	-4.78	0.06
3.87	1.56	6.02	-4.74	0.05
3.75	1.48	6.02	-4.70	0.04
3.81	1.57	6.02	-4.62	0.02
3.87	1.42	6.03	-4.59	0.01
3.75	1.53	6.03	-4.54	-0.00
3.81	1.60	6.03	-4.51	-0.01
3.85	1.50	6.03	-4.47	-0.02
3.75	1.54	6.04	-4.39	-0.04
3.81	1.46	6.04	-4.35	-0.05
3.85	1.56	6.05	-4.31	-0.06
3.87	1.62	6.05	-4.27	-0.07
3.89	1.52	6.05	-4.19	-0.09
3.81	1.50	6.06	-4.16	-0.10
3.85	1.44	6.06	-4.12	-0.11
3.88	1.54	6.06	-4.08	-0.12
3.75	1.46	6.06	-4.04	-0.12
3.85	1.47	6.07	-3.96	-0.14
3.73	1.42	6.07	-3.92	-0.15
3.79	1.53	6.07	-3.88	-0.16
3.84	1.60	6.08	-3.84	-0.17
3.87	1.50	6.08	-3.77	-0.18
3.76	1.54	6.09	-3.72	-0.19
3.81	1.46	6.09	-3.69	-0.20
3.85	1.56	6.09	-3.65	-0.21
3.88	1.62	6.09	-3.61	-0.21
3.76	1.45	6.10	-3.53	-0.23
3.82	1.55	6.10	-3.49	-0.24
3.85	1.47	6.10	-3.45	-0.24
3.73	1.56	6.11	-3.41	-0.25
3.80	1.48	6.11	-3.34	-0.26
3.87	1.48	6.11	-3.29	-0.27
3.89	1.57	6.12	-3.25	-0.28
3.76	1.48	6.12	-3.21	-0.28
3.81	1.42	6.12	-3.18	-0.29
3.73	1.46	6.13	-3.10	-0.30
3.80	1.55	6.13	-3.06	-0.31
3.84	1.47	6.13	-3.02	-0.31
3.87	1.56	6.14	-2.98	-0.32
3.89	1.48	6.14	-2.90	-0.33
3.81	1.48	6.14	-2.86	-0.34
3.85	1.57	6.15	-2.82	-0.34
3.88	1.48	6.15	-2.78	-0.35
3.89	1.57	6.15	-2.74	-0.36
3.82	1.57	6.16	-2.66	-0.36
3.85	1.48	6.16	-2.62	-0.37
3.88	1.43	6.16	-2.58	-0.37
3.75	1.53	6.17	-2.54	-0.38
3.81	1.46	6.17	-2.46	-0.39
3.87	1.47	6.17	-2.42	-0.39
3.75	1.56	6.18	-2.38	-0.40
3.81	1.48	6.18	-2.34	-0.40
3.85	1.57	6.18	-2.30	-0.41
3.75	1.57	6.19	-2.22	-0.41
3.81	1.48	6.19	-2.18	-0.42
3.85	1.57	6.19	-2.14	-0.42
3.87	1.48	6.19	-2.10	-0.42
3.75	1.48	6.20	-2.02	-0.43
3.85	1.43	6.20	-1.98	-0.43
3.87	1.53	6.21	-1.94	-0.44
3.75	1.46	6.21	-1.90	-0.44
3.81	1.55	6.21	-1.86	-0.44
3.87	1.56	6.22	-1.78	-0.45
3.89	1.48	6.22	-1.74	-0.45
3.76	1.57	6.22	-1.70	-0.45
3.81	1.48	6.22	-1.66	-0.45
3.85	1.48	6.23	-1.58	-0.46
3.75	1.57	6.23	-1.54	-0.46
3.81	1.48	6.23	-1.50	-0.46
3.85	1.57	6.24	-1.47	-0.46
3.73	1.48	6.24	-1.38	-0.47
3.84	1.48	6.25	-1.34	-0.47
3.87	1.43	6.25	-1.31	-0.47
3.89	1.53	6.25	-1.26	-0.47
3.76	1.46	6.25	-1.22	-0.47
3.81	1.47	6.26	-1.14	-0.48
3.88	1.56	6.26	-1.11	-0.48
3.89	1.48	6.26	-1.06	-0.48
3.76	1.57	6.27	-1.02	-0.48
3.82	1.48	6.27	-0.95	-0.48
3.73	1.48	6.27	-0.90	-0.48
3.80	1.42	6.28	-0.86	-0.48
3.84	1.53	6.28	-0.82	-0.48
3.87	1.46	6.28	-0.78	-0.48
3.89	1.47	6.29	-0.70	-0.48
3.81	1.56	6.29	-0.66	-0.48
3.85	1.48	6.29	-0.62	-0.48
3.73	1.57	6.30	-0.58	-0.48
3.80	1.48	6.30	-0.50	-0.48
3.87	1.48	6.30	-0.46	-0.48
3.89	1.57	6.31	-0.42	-0.47
3.76	1.48	6.31	-0.38	-0.47
3.81	1.57	6.31	-0.34	-0.47
3.88	1.57	6.32	-0.26	-0.47
3.75	1.48	6.32	-0.22	-0.47
3.81	1.57	6.32	-0.18	-0.47
3.85	1.48	6.32	-0.14	-0.47
3.87	1.43	6.33	-0.07	-0.46
3.76	1.46	6.33	-0.02	-0.46
3.81	1.55	6.34	0.02	-0.46
3.85	1.47	6.34	0.06	-0.46
3.88	1.56	6.34	0.09	-0.45
3.81	1.57	6.35	0.17	-0.45
3.85	1.48	6.35	0.22	-0.45
3.73	1.42	6.35	0.22	-0.45
3.07	1.39	6.35	0.22	-0.45
1.61	1.07	6.35	0.22	-0.45
-1.03	0.48	6.35	0.22	-0.45
-1.56	0.17	6.35	0.22	-0.45
-1.77	-0.03	6.35	0.22	-0.45
-1.47	-0.02	6.35	0.22	-0.45
-1.12	-0.01	6.35	0.22	-0.45
-0.11	-0.01	6.35	0.22	-0.45
0.22	-0.00	6.35	0.22	-0.45
0.29	-0.00	6.35	0.22	-0.45
0.34	-0.00	6.35	0.22	-0.45
0.37	-0.00	6.35	0.22	-0.45